# nothing

[/home/tamas/.local/bin/Magyarch-bspwm.pdf]
page=3
offset=0
zoom=0.57586518231333084
rotate=0
pages-per-row=1
first-page-column=1:2
page-right-to-left=false
position-x=0.5
position-y=0.79209039548022708
time=1594012156
jumplist=

[A5iE1NJa8cV5H2nnDP6//5inhaBWxZYMtYaiMuAZmnc=]
page=3
offset=0
zoom=0.57586518231333084
rotate=0
pages-per-row=1
first-page-column=1:2
page-right-to-left=false
position-x=0.5
position-y=0.79209039548022708
time=1594012156
